876	0.01082717534
875.5	0.01247015037
875	0.01278996933
874.5	0.01393061969
874	0.0146968374
873.5	0.01639869623
873	0.01766801067
872.5	0.01958882436
872	0.02272295579
871.5	0.02411895618
871	0.02629105002
870.5	0.02889054082
870	0.03201482445
869.5	0.03515164182
869	0.03896505386
868.5	0.0432244055
868	0.04882101342
867.5	0.05373354629
867	0.06029016152
866.5	0.06508992612
866	0.07241437584
865.5	0.08066878468
865	0.08937183022
864.5	0.1004611254
864	0.1114411429
863.5	0.1269483417
863	0.1404301375
862.5	0.1561198831
862	0.1769576371
861.5	0.1979537308
861	0.2239374965
860.5	0.2512391806
860	0.2860992253
859.5	0.3229092956
859	0.3665404618
858.5	0.4200313091
858	0.4785870314
857.5	0.5469921231
857	0.6285658479
856.5	0.7215669155
856	0.8397135139
855.5	0.9680312276
855	1.123107076
854.5	1.313550353
854	1.532353997
853.5	1.795873046
853	2.113950014
852.5	2.492473841
852	2.960658789
851.5	3.513911009
851	4.197246075
850.5	5.022095203
850	6.027645588
849.5	7.293647766
849	8.797044754
848.5	10.62746143
848	12.92212296
847.5	15.64097404
847	18.93834305
846.5	22.87530518
846	27.50351334
845.5	32.84459686
845	38.77547455
844.5	45.46575928
844	52.37633514
843.5	59.46235657
843	66.64477539
842.5	73.21781158
842	79.21353149
841.5	84.43735504
841	88.70565033
840.5	92.08383942
840	94.59501648
839.5	96.45036316
839	97.65485382
838.5	98.42081451
838	98.88623047
837.5	99.12133789
837	99.24942017
836.5	99.24635315
836	99.20948029
835.5	99.17640686
835	99.16521454
834.5	99.1654892
834	99.1588974
833.5	99.17921448
833	99.21825409
832.5	99.30358887
832	99.33978271
831.5	99.42379761
831	99.43536377
830.5	99.46827698
830	99.55471039
829.5	99.57063293
829	99.5736084
828.5	99.58719635
828	99.58109283
827.5	99.5716629
827	99.56534576
826.5	99.50816345
826	99.51735687
825.5	99.51554871
825	99.4526062
824.5	99.45963287
824	99.46743774
823.5	99.43157959
823	99.39876556
822.5	99.40416718
822	99.41124725
821.5	99.37405396
821	99.37602234
820.5	99.37709045
820	99.37664032
819.5	99.36050415
819	99.36505127
818.5	99.37686157
818	99.37658691
817.5	99.36257935
817	99.38091278
816.5	99.36091614
816	99.34844208
815.5	99.32444
815	99.34365082
814.5	99.33563232
814	99.31806183
813.5	99.33398438
813	99.37632751
812.5	99.35585022
812	99.36003876
811.5	99.34976959
811	99.35987854
810.5	99.37478638
810	99.39530945
809.5	99.40550995
809	99.44313049
808.5	99.46582794
808	99.42747498
807.5	99.45407104
807	99.44265747
806.5	99.47532654
806	99.46127319
805.5	99.48171997
805	99.42649841
804.5	99.47015381
804	99.46143341
803.5	99.4300766
803	99.41291046
802.5	99.41996765
802	99.39924622
801.5	99.38973999
801	99.32984924
800.5	99.32203674
800	99.3419342
799.5	99.31546783
799	99.31680298
798.5	99.27029419
798	99.27520752
797.5	99.27450562
797	99.29573059
796.5	99.29946136
796	99.31105804
795.5	99.31090546
795	99.34402466
794.5	99.3728714
794	99.40861511
793.5	99.4149704
793	99.46524048
792.5	99.48236847
792	99.50283813
791.5	99.53330994
791	99.55396271
790.5	99.58560944
790	99.58530426
789.5	99.60378265
789	99.61396027
788.5	99.61531067
788	99.60416412
787.5	99.60094452
787	99.57293701
786.5	99.58507538
786	99.54659271
785.5	99.54105377
785	99.4935379
784.5	99.4726944
784	99.44132996
783.5	99.44002533
783	99.42047119
782.5	99.40150452
782	99.3646698
781.5	99.3678894
781	99.35887909
780.5	99.37861633
780	99.39714813
779.5	99.39756775
779	99.39537048
778.5	99.42565918
778	99.44741058
777.5	99.46264648
777	99.50282288
776.5	99.53473663
776	99.54866028
775.5	99.58055878
775	99.56600952
774.5	99.59663391
774	99.6240921
773.5	99.59075165
773	99.58535767
772.5	99.62625122
772	99.60962677
771.5	99.5817337
771	99.5824585
770.5	99.5249939
770	99.54638672
769.5	99.51595306
769	99.48126984
768.5	99.44313812
768	99.44689178
767.5	99.4307251
767	99.39582062
766.5	99.37789154
766	99.36707306
765.5	99.3744812
765	99.39776611
764.5	99.36286926
764	99.35780334
763.5	99.35159302
763	99.3612442
762.5	99.36448669
762	99.37960815
761.5	99.38580322
761	99.37877655
760.5	99.39360046
760	99.41210938
759.5	99.3894043
759	99.42483521
758.5	99.42271423
758	99.43782806
757.5	99.44511414
757	99.44031525
756.5	99.44772339
756	99.43315887
755.5	99.44300079
755	99.46167755
754.5	99.4315033
754	99.43584442
753.5	99.47129059
753	99.47801208
752.5	99.47570038
752	99.48425293
751.5	99.48508453
751	99.4858017
750.5	99.48331451
750	99.49082947
749.5	99.48516846
749	99.46739197
748.5	99.4865036
748	99.47174072
747.5	99.45741272
747	99.44947815
746.5	99.45587921
746	99.42977142
745.5	99.43186188
745	99.42414856
744.5	99.4201355
744	99.42165375
743.5	99.41906738
743	99.43721008
742.5	99.43560028
742	99.43042755
741.5	99.47112274
741	99.47132111
740.5	99.48497009
740	99.52746582
739.5	99.53092957
739	99.55078125
738.5	99.54492188
738	99.56672668
737.5	99.55699921
737	99.56189728
736.5	99.56947327
736	99.58135986
735.5	99.57531738
735	99.52888489
734.5	99.50698853
734	99.49568939
733.5	99.4690094
733	99.46086884
732.5	99.43643188
732	99.41973114
731.5	99.38579559
731	99.40441895
730.5	99.3907547
730	99.39266205
729.5	99.41296387
729	99.41565704
728.5	99.41524506
728	99.45317841
727.5	99.46999359
727	99.47312927
726.5	99.48539734
726	99.4924469
725.5	99.49928284
725	99.52996063
724.5	99.52511597
724	99.51789856
723.5	99.50598145
723	99.49758148
722.5	99.46339417
722	99.44997406
721.5	99.43556976
721	99.40865326
720.5	99.3711319
720	99.36090088
719.5	99.34626007
719	99.32674408
718.5	99.30294037
718	99.30557251
717.5	99.29409027
717	99.30341339
716.5	99.32011414
716	99.3306427
715.5	99.360466
715	99.36231995
714.5	99.38406372
714	99.41043854
713.5	99.42914581
713	99.45191193
712.5	99.48091125
712	99.49968719
711.5	99.52598572
711	99.5581665
710.5	99.57518005
710	99.58654022
709.5	99.57769775
709	99.56856537
708.5	99.56298828
708	99.53748322
707.5	99.49143219
707	99.45740509
706.5	99.42230225
706	99.3969574
705.5	99.34780884
705	99.31450653
704.5	99.2265625
704	99.11595154
703.5	98.86061096
703	98.41261292
702.5	97.64854431
702	96.42997742
701.5	94.60363007
701	91.97659302
700.5	88.45336151
700	83.83968353
699.5	78.34713745
699	72.04711914
698.5	64.96893311
698	57.67966461
697.5	50.34749603
697	43.30518723
696.5	36.8420105
696	31.00305557
695.5	25.94771385
695	21.552948
694.5	17.91116333
694	14.87746239
693.5	12.2876339
693	10.21105099
692.5	8.489377975
692	7.049094677
691.5	5.869603634
691	4.886464596
690.5	4.070514202
690	3.390259266
689.5	2.821267128
689	2.352427721
688.5	1.949859977
688	1.620687485
687.5	1.349876165
687	1.116865396
686.5	0.9288825989
686	0.772339642
685.5	0.6411358118
685	0.5340871215
684.5	0.4452472627
684	0.3728998601
683.5	0.3127862811
683	0.2638902962
682.5	0.2230946273
682	0.1889640689
681.5	0.1619270891
681	0.1388949752
680.5	0.1191667393
680	0.1042085439
679.5	0.09011410922
679	0.07903657109
678.5	0.06933375448
678	0.06140656024
677.5	0.05446968228
677	0.04876711592
676.5	0.04326884449
676	0.03898322582
675.5	0.03512144834
675	0.03173841536
674.5	0.02860169299
674	0.02562522516
673.5	0.02332017943
673	0.02105225436
672.5	0.01908123307
672	0.01715678163
671.5	0.01520944666
671	0.01386682875
670.5	0.01220597792
670	0.01102402527
669.5	0.009575235657
669	0.008546189405
668.5	0.007827761583
668	0.006625346374
667.5	0.005845473614
667	0.005151264835
666.5	0.004718523473
666	0.004163533449
665.5	0.003759271465
665	0.003511675168
664.5	0.002829817589
664	0.002901619067
663.5	0.002516688313
663	0.0021707376
662.5	0.002035124227
662	0.001821285696
661.5	0.001843324164
661	0.001507519861
660.5	0.001365044736
660	0.001390530961
659.5	0.001277763629
659	0.001168115763
658.5	0.001143726404
658	0.001131364144
657.5	0.001046610298
657	0.001090009813
