# Column 1: Wavelength interval [nm]
# Column 2: NSB with moon light ("half moon")  [ 1 / (nm m^2 ns sr) ]
#           Based on Cerro Paranal Advanced Sky Model, see 
#           http://www.eso.org/observing/etc/doc/skycalc/helpskycalc.html ,
#           with moon at 45 deg. from zenith, 90 deg. from sun, observation in zenith.
# The 300-650 nm integral of this spectrum is 0.835 photons/ns/cm^2/sr,
# or a factor 3.5 brighter than the reference NSB value.
#
  200          0.00000   
  201          0.00000   
  202          0.00000   
  203          0.00000   
  204          0.00000   
  205          0.00000   
  206          0.00000   
  207          0.00000   
  208          0.00000   
  209          0.00000   
  210          0.00000   
  211          0.00000   
  212          0.00000   
  213          0.00000   
  214          0.00000   
  215          0.00000   
  216          0.00000   
  217          0.00000   
  218          0.00000   
  219          0.00000   
  220          0.00000   
  221          0.00000   
  222          0.00000   
  223          0.00000   
  224          0.00000   
  225          0.00000   
  226          0.00000   
  227          0.00000   
  228          0.00000   
  229          0.00000   
  230          0.00000   
  231          0.00000   
  232          0.00000   
  233          0.00000   
  234          0.00000   
  235          0.00000   
  236          0.00000   
  237          0.00000   
  238          0.00000   
  239          0.00000   
  240          0.00000   
  241          0.00000   
  242          0.00000   
  243          0.00000   
  244          0.00000   
  245          0.00000   
  246          0.00000   
  247          0.00000   
  248          0.00000   
  249          0.00000   
  250          0.00000   
  251          0.00000   
  252          0.00000   
  253          0.00000   
  254          0.00000   
  255          0.00000   
  256          0.00000   
  257          0.00000   
  258          0.00000   
  259          0.00000   
  260          0.00000   
  261          0.00000   
  262          0.00000   
  263          0.00000   
  264          0.00000   
  265          0.00000   
  266          0.00000   
  267          0.00000   
  268          0.00000   
  269          0.00000   
  270          0.00000   
  271          0.00000   
  272          0.00000   
  273          0.00000   
  274          0.00000   
  275          0.00000   
  276          0.00000   
  277          0.00000   
  278          0.00000   
  279          0.00000   
  280          0.00000   
  281          0.00000   
  282          0.00000   
  283          0.00000   
  284          0.00000   
  285          0.00000   
  286          0.00000   
  287          0.00000   
  288          0.00000   
  289          0.00000   
  290          0.00000   
  291          0.00000   
  292          0.00000   
  293          0.00000   
  294          0.00000   
  295          0.00000   
  296          0.00000   
  297          0.00000   
  298          0.00000   
  299          0.00000   
  300          0.29063   
  301          0.90979   
  302          1.28665   
  303          1.95892   
  304          2.58749   
  305          3.35449   
  306          3.84776   
  307          4.64142   
  308          5.64317   
  309          5.83466   
  310          6.74376   
  311          8.23734   
  312          9.37238   
  313          9.97362   
  314          10.81573  
  315          12.56688  
  316          10.93978  
  317          12.62305  
  318          12.99581  
  319          13.43332  
  320          13.86317  
  321          16.62019  
  322          14.88883  
  323          13.84290  
  324          15.15685  
  325          15.95997  
  326          18.84058  
  327          20.17400  
  328          18.79898  
  329          20.18004  
  330          22.25135  
  331          20.22518  
  332          19.55268  
  333          19.37968  
  334          18.57687  
  335          19.05330  
  336          18.02968  
  337          17.88903  
  338          19.01989  
  339          18.73430  
  340          18.97322  
  341          18.85936  
  342          18.80604  
  343          18.90488  
  344          17.58244  
  345          17.26521  
  346          18.71707  
  347          17.60789  
  348          18.80565  
  349          18.49904  
  350          18.30381  
  351          18.90946  
  352          17.53723  
  353          17.33459  
  354          18.85985  
  355          19.98316  
  356          19.07982  
  357          16.17170  
  358          14.30293  
  359          15.02191  
  360          17.37722  
  361          16.71945  
  362          17.79018  
  363          18.49225  
  364          18.82906  
  365          19.04309  
  366          20.55424  
  367          21.11864  
  368          20.18898  
  369          20.18265  
  370          21.51855  
  371          20.66007  
  372          20.01690  
  373          18.26091  
  374          18.17002  
  375          17.89350  
  376          19.25801  
  377          20.51425  
  378          22.68255  
  379          21.48040  
  380          19.84144  
  381          20.11208  
  382          18.23795  
  383          15.34182  
  384          15.45213  
  385          18.02371  
  386          17.87287  
  387          17.73510  
  388          17.63988  
  389          18.75172  
  390          20.65605  
  391          23.20998  
  392          21.59409  
  393          15.95137  
  394          14.63012  
  395          20.55625  
  396          20.18410  
  397          16.11816  
  398          20.87755  
  399          27.10164  
  400          28.35570  
  401          29.50655  
  402          30.15497  
  403          29.56605  
  404          28.63705  
  405          29.19282  
  406          28.45368  
  407          27.64750  
  408          28.60057  
  409          29.16639  
  410          27.30854  
  411          26.41622  
  412          28.94330  
  413          27.89893  
  414          26.70200  
  415          25.97266  
  416          27.07022  
  417          27.68033  
  418          25.46672  
  419          25.55811  
  420          25.77170  
  421          26.39010  
  422          25.52590  
  423          24.41283  
  424          25.69900  
  425          26.06102  
  426          25.13384  
  427          24.45377  
  428          23.47750  
  429          23.17206  
  430          20.56037  
  431          20.43568  
  432          25.03967  
  433          24.66192  
  434          25.12147  
  435          24.75633  
  436          26.18360  
  437          27.33770  
  438          25.10129  
  439          24.45109  
  440          26.06998  
  441          26.94874  
  442          28.30179  
  443          28.00938  
  444          27.62383  
  445          27.42050  
  446          26.48975  
  447          27.74224  
  448          28.65283  
  449          27.98225  
  450          28.81076  
  451          29.56254  
  452          28.41646  
  453          27.28490  
  454          27.80532  
  455          27.93318  
  456          28.23217  
  457          28.68638  
  458          28.47671  
  459          27.47475  
  460          27.61998  
  461          27.85750  
  462          28.12504  
  463          28.14722  
  464          27.31820  
  465          27.06791  
  466          27.18010  
  467          26.82738  
  468          27.59875  
  469          27.07103  
  470          26.57480  
  471          26.46449  
  472          27.71072  
  473          27.67547  
  474          27.62262  
  475          27.96780  
  476          27.36586  
  477          27.38663  
  478          27.97501  
  479          27.77005  
  480          28.09560  
  481          28.07892  
  482          28.34717  
  483          27.79249  
  484          27.36916  
  485          26.33285  
  486          24.38463  
  487          23.55491  
  488          25.55266  
  489          26.25754  
  490          26.76283  
  491          26.75194  
  492          25.76502  
  493          25.71785  
  494          26.46030  
  495          27.10684  
  496          26.26003  
  497          26.90900  
  498          26.20718  
  499          25.39671  
  500          25.62162  
  501          24.55398  
  502          24.50221  
  503          25.23925  
  504          25.19913  
  505          25.25389  
  506          26.01131  
  507          25.53345  
  508          25.20388  
  509          25.28436  
  510          25.35805  
  511          25.80380  
  512          25.63351  
  513          24.64778  
  514          24.65168  
  515          24.84675  
  516          24.07562  
  517          22.60703  
  518          22.72462  
  519          23.40097  
  520          28.38136  
  521          24.64935  
  522          24.83059  
  523          24.94549  
  524          25.70602  
  525          25.62737  
  526          25.15002  
  527          22.91496  
  528          24.70223  
  529          24.85556  
  530          25.50535  
  531          25.76296  
  532          24.73378  
  533          24.46665  
  534          24.72265  
  535          24.88209  
  536          25.31560  
  537          24.42480  
  538          24.57620  
  539          24.43721  
  540          23.65602  
  541          23.60613  
  542          24.16277  
  543          23.95459  
  544          24.32438  
  545          24.52750  
  546          24.70614  
  547          24.49155  
  548          24.39097  
  549          24.84322  
  550          24.85035  
  551          24.51935  
  552          24.38344  
  553          24.23833  
  554          24.91153  
  555          25.23770  
  556          24.42906  
  557          25.02364  
  558          175.76374 
  559          24.39020  
  560          24.27312  
  561          25.16451  
  562          24.40609  
  563          25.35100  
  564          24.68547  
  565          24.71566  
  566          24.00512  
  567          24.86683  
  568          24.59737  
  569          24.22311  
  570          24.40213  
  571          23.86735  
  572          24.49441  
  573          24.94227  
  574          24.82432  
  575          24.65780  
  576          24.45446  
  577          24.60984  
  578          24.43749  
  579          24.11276  
  580          24.51297  
  581          24.69118  
  582          24.91335  
  583          25.03041  
  584          24.95153  
  585          24.70815  
  586          24.33869  
  587          28.98040  
  588          24.57528  
  589          47.43979  
  590          36.46213  
  591          25.22010  
  592          26.47235  
  593          28.40899  
  594          23.99704  
  595          24.88038  
  596          27.42469  
  597          24.77685  
  598          25.29324  
  599          23.68502  
  600          24.13684  
  601          24.34513  
  602          23.46215  
  603          23.80226  
  604          24.33899  
  605          23.85106  
  606          23.76085  
  607          23.96497  
  608          23.69669  
  609          23.59218  
  610          23.61765  
  611          23.45658  
  612          23.46986  
  613          23.09141  
  614          23.94401  
  615          24.23452  
  616          23.16463  
  617          24.18130  
  618          23.77865  
  619          24.00501  
  620          24.68445  
  621          23.76219  
  622          24.66724  
  623          22.92989  
  624          31.37039  
  625          24.46067  
  626          28.97042  
  627          25.32914  
  628          22.95653  
  629          27.18185  
  630          135.17320 
  631          28.67788  
  632          23.90606  
  633          29.15250  
  634          22.35191  
  635          23.52824  
  636          25.57233  
  637          59.12597  
  638          23.09227  
  639          23.84169  
  640          22.05830  
  641          21.84651  
  642          23.32402  
  643          21.91593  
  644          21.90176  
  645          22.15395  
  646          22.22904  
  647          29.36425  
  648          22.20372  
  649          21.06403  
  650          29.64214  
  651          24.05246  
  652          23.68493  
  653          27.42758  
  654          21.47737  
  655          23.30292  
  656          28.22130  
  657          21.22334  
  658          26.16079  
  659          21.33555  
  660          22.35717  
  661          23.96259  
  662          21.37560  
  663          21.86595  
  664          22.38068  
  665          21.37348  
  666          21.68459  
  667          21.45356  
  668          20.99251  
  669          21.01994  
  670          21.14670  
  671          21.01996  
  672          20.89038  
  673          20.73110  
  674          20.92277  
  675          20.71810  
  676          20.41821  
  677          20.41317  
  678          20.32979  
  679          20.65550  
  680          20.20511  
  681          20.21450  
  682          20.16309  
  683          32.45233  
  684          31.04101  
  685          20.11993  
  686          21.63269  
  687          33.96949  
  688          19.53137  
  689          21.19593  
  690          22.15475  
  691          23.34630  
  692          18.79873  
  693          28.78325  
  694          23.55494  
  695          31.08283  
  696          19.63029  
  697          22.63904  
  698          25.73417  
  699          19.42215  
  700          19.50257  
  701          23.42529  
  702          18.53162  
  703          18.66655  
  704          19.83179  
  705          22.26086  
  706          19.89452  
  707          20.23369  
  708          20.67478  
  709          20.52547  
  710          18.87970  
  711          19.09559  
  712          18.85689  
  713          19.97042  
  714          19.49246  
  715          20.36095  
  716          19.41061  
  717          18.89374  
  718          19.11201  
  719          16.98034  
  720          17.48248  
  721          17.60636  
  722          18.52411  
  723          18.74683  
  724          48.82996  
  725          42.42326  
  726          25.45841  
  727          20.06096  
  728          58.61813  
  729          34.26348  
  730          22.31872  
  731          28.47975  
  732          48.23585  
  733          31.18369  
  734          54.68598  
  735          20.36634  
  736          30.65855  
  737          50.18282  
  738          19.55337  
  739          27.24770  
  740          35.53156  
  741          18.70118  
  742          19.34746  
  743          29.49851  
  744          27.80389  
  745          18.52781  
  746          20.06486  
  747          27.22882  
  748          30.90735  
  749          25.94835  
  750          21.16205  
  751          18.14649  
  752          22.53305  
  753          49.55358  
  754          20.32389  
  755          18.70099  
  756          23.55586  
  757          35.04479  
  758          20.10065  
  759          23.74388  
  760          14.31177  
  761          6.81736   
  762          19.42735  
  763          17.58897  
  764          12.84012  
  765          13.70297  
  766          23.07186  
  767          16.12146  
  768          18.26109  
  769          23.60660  
  770          23.00422  
  771          51.28234  
  772          64.81701  
  773          32.37491  
  774          23.79603  
  775          75.10261  
  776          44.11922  
  777          20.91219  
  778          40.85093  
  779          23.39313  
  780          62.22192  
  781          37.52761  
  782          76.04315  
  783          20.77598  
  784          35.83757  
  785          28.47127  
  786          96.46353  
  787          48.52919  
  788          41.10849  
  789          34.90124  
  790          22.22240  
  791          27.97381  
  792          113.29991 
  793          41.42406  
  794          21.23671  
  795          37.23110  
  796          19.17686  
  797          76.12324  
  798          44.45809  
  799          21.04583  
  800          77.14529  
  801          20.44074  
  802          37.27070  
  803          67.06174  
  804          20.54037  
  805          30.01900  
  806          38.64352  
  807          20.00445  
  808          21.14159  
  809          21.19626  
  810          30.55502  
  811          22.54636  
  812          19.67246  
  813          20.62057  
  814          22.36310  
  815          23.04581  
  816          18.31836  
  817          18.42059  
  818          18.27822  
  819          20.08277  
  820          20.13288  
  821          20.57506  
  822          19.98923  
  823          17.26405  
  824          20.45818  
  825          20.96335  
  826          20.10743  
  827          20.13770  
  828          63.50318  
  829          71.58887  
  830          82.83319  
  831          37.59398  
  832          21.79909  
  833          20.16941  
  834          21.91920  
  835          155.92115 
  836          64.82551  
  837          36.10212  
  838          53.33849  
  839          22.66859  
  840          119.57050 
  841          21.03968  
  842          56.57115  
  843          119.91991 
  844          23.03243  
  845          54.19301  
  846          22.79572  
  847          102.84418 
  848          23.34692  
  849          21.10321  
  850          47.40316  
  851          62.51983  
  852          22.63226  
  853          21.43326  
  854          56.00334  
  855          36.33962  
  856          21.22366  
  857          22.34113  
  858          25.31881  
  859          26.15584  
  860          28.26251  
  861          24.20242  
  862          38.87551  
  863          67.32198  
  864          54.25860  
  865          52.02863  
  866          73.95611  
  867          68.83512  
  868          48.33408  
  869          30.56991  
  870          28.73327  
  871          27.15117  
  872          22.47775  
  873          23.14511  
  874          24.04535  
  875          23.86732  
  876          116.19387 
  877          125.51362 
  878          134.71128 
  879          56.80727  
  880          22.61924  
  881          27.49150  
  882          22.25999  
  883          243.97140 
  884          116.54685 
  885          50.08874  
  886          24.77060  
  887          81.44249  
  888          22.36296  
  889          182.12896 
  890          25.41580  
  891          92.19026  
  892          194.81682 
  893          27.85964  
  894          24.92163  
  895          78.55504  
  896          163.24799 
  897          24.83505  
  898          26.17006  
  899          61.00890  
  900          99.63828  
  901          20.32253  
  902          22.76458  
  903          22.73858  
  904          41.85597  
  905          60.98816  
  906          23.06235  
  907          26.43063  
  908          21.10143  
  909          26.39186  
  910          37.67792  
  911          30.32522  
  912          21.10374  
  913          20.84257  
  914          22.08766  
  915          29.71532  
  916          35.01218  
  917          21.75316  
  918          20.64978  
  919          21.62648  
  920          21.69476  
  921          22.55381  
  922          27.91134  
  923          31.68339  
  924          21.72266  
  925          21.58421  
  926          21.89542  
  927          22.30219  
  928          20.96602  
  929          20.82717  
  930          19.13843  
  931          107.35100 
  932          141.04829 
  933          112.99119 
  934          40.81843  
  935          14.90204  
  936          13.11412  
  937          13.97339  
  938          260.43964 
  939          26.41554  
  940          56.41638  
  941          18.37939  
  942          79.79605  
  943          15.57376  
  944          165.83802 
  945          21.69058  
  946          79.63013  
  947          18.81692  
  948          158.61582 
  949          20.41994  
  950          13.43693  
  951          76.22958  
  952          97.66257  
  953          18.03222  
  954          19.36860  
  955          18.50047  
  956          53.78966  
  957          95.75617  
  958          19.48974  
  959          18.80424  
  960          19.66172  
  961          36.22449  
  962          42.42565  
  963          20.38822  
  964          20.04614  
  965          20.52803  
  966          27.15297  
  967          48.92909  
  968          95.09163  
  969          52.72946  
  970          136.74728 
  971          70.71171  
  972          168.90636 
  973          22.06047  
  974          76.73984  
  975          25.54776  
  976          21.58765  
  977          22.25794  
  978          22.36923  
  979          380.06802 
  980          165.05318 
  981          72.08965  
  982          23.98181  
  983          36.03280  
  984          23.40986  
  985          114.36201 
  986          23.47348  
  987          320.82016 
  988          23.90209  
  989          23.68629  
  990          132.81286 
  991          23.58461  
  992          330.72291 
  993          23.63969  
  994          127.67562 
  995          282.95338 
  996          385.05032 
  997          23.83053  
  998          65.59189  
  999          23.85943  
